0.009571355988095593
0.009576494302298741
0.009591818759265461
0.009617193630531665
0.009652483187633266
0.009697551702106181
0.009752263445486324
0.009816482689309606
0.009890073705111939
0.009972900764429242
0.010064828138797425
0.0101657200997524
0.010275440918830087
0.010393854867566396
0.010520826217497241
0.010656219240158535
0.01079989820708619
0.010951727389816127
0.011111571059884251
0.01127929348882648
0.011454758948178729
0.01163783170947691
0.011828376044256936
0.01202625622405472
0.01223133652040618
0.012443481204847224
0.012662554548913772
0.012888420824141732
0.01312094430206702
0.01335998925422555
0.013605419952153235
0.013857100667385991
0.014114895671459729
0.014378669235910363
0.01464828563227381
0.014923609132085977
0.015204504006882783
0.015490834528200144
0.01578246496757397
0.016079259596540173
0.016381082686634667
0.016687798509393368
0.016999271336352192
0.017315365439047044
0.01763594508901385
0.017960874557788515
0.018290018116906958
0.01862324003790508
0.018960404592318816
0.019301376051684065
0.01964601868753674
0.019994196771412766
0.020345774574848045
0.020700616369378498
0.021058586426540026
0.021419549017868564
0.02178336841490001
0.022149908889170282
0.022519034712215294
0.02289061015557096
0.023264499490773194
0.023640566989357906
0.024018676922861013
0.02439869356281843
0.024780481180766072
0.025163904048239847
0.02554882643677568
0.025935112617909463
0.026322626863177125
0.02671123344411458
0.027100796632257743
0.02749118069914252
0.02788224991630483
0.028273868555280586
0.0286659008876057
0.029058211184816087
0.029450663718447668
0.02984312276003634
0.030235452581118028
0.03062751745322865
0.031019181759224225
0.03141061129115493
0.03180204082308563
0.03219347035501634
0.03258489988694704
0.03297632941887774
0.033367758950808436
0.03375918848273913
0.034150618014669835
0.034542047546600535
0.034933477078531235
0.03532490661046194
0.03571633614239264
0.03610776567432333
0.03649919520625403
0.03689062473818474
0.03728205427011544
0.03767348380204614
0.038064913333976845
0.038456342865907545
0.03884777239783824
0.03923920192976894
0.03963063146169964
0.04002206099363034
0.04041349052556104
0.04080492005749175
0.04119634958942244
0.04158777912135314
0.04197920865328384
0.04237063818521454
0.04276206771714525
0.043153497249075946
0.043544926781006646
0.043936356312937346
0.044327785844868045
0.044719215376798745
0.04511064490872945
0.04550207444066015
0.04589350397259085
0.04628493350452155
0.04667636303645225
0.04706779256838295
0.04745922210031365
0.047850651632244355
0.048242081164175055
0.048633510696105754
0.049024940228036454
0.04941636975996715
0.04980779929189785
0.05019922882382855
0.05059065835575926
0.05098208788768995
0.05137351741962066
0.05176494695155136
0.05215637648348206
0.05254780601541276
0.052939235547343456
0.053330665079274156
0.053722094611204856
0.05411352414313556
0.05450495367506626
0.05489638320699696
0.05528781273892766
0.05567924227085837
0.05607067180278906
0.05646210133471976
0.056853530866650466
0.057244960398581166
0.057636389930511865
0.058027819462442565
0.058419248994373264
0.058810678526303964
0.059202108058234656
0.05959353759016537
0.05998496712209607
0.06037639665402677
0.06076782618595747
0.061159255717888175
0.06155068524981886
0.061942114781749574
0.06233354431368026
0.06272497384561097
0.06311640337754167
0.06350783290947237
0.06389926244140307
0.06429069197333377
0.06468212150526446
0.06507355103719517
0.06546498056912588
0.06585641010105658
0.06624783963298726
0.06663926916491798
0.06703069869684866
0.06742212822877937
0.06781355776071007
0.06820498729264078
0.06859641682457147
0.06898784635650218
0.06937927588843287
0.06977070542036357
0.07016213495229427
0.07055356448422498
0.07094499401615567
0.07133642354808639
0.07172785308001707
0.07211928261194778
0.07251071214387847
0.07290214167580918
0.07329357120773988
0.07368500073967059
0.07407643027160128
0.07446785980353199
0.07485928933546268
0.07525071886739339
0.07564214839932408
0.07603357793125479
0.07642500746318548
0.0768164369951162
0.07720786652704688
0.07759929605897758
0.07799072559090829
0.07838215512283898
0.07877358465476969
0.0791650141867004
0.07955644371863109
0.07994787325056178
0.08033930278249249
0.0807307323144232
0.08112216184635389
0.08151359137828458
0.08190502091021529
0.082296450442146
0.08268787997407669
0.08307930950600739
0.0834707390379381
0.08386216856986878
0.0842535981017995
0.0846450276337302
0.0850364571656609
0.08542788669759159
0.0858193162295223
0.086210745761453
0.0866021752933837
0.08699360482531439
0.0873850343572451
0.0877764638891758
0.0881678934211065
0.0885593229530372
0.08895075248496791
0.08934218201689859
0.0897336115488293
0.09012504108075998
0.0905164706126907
0.0909079001446214
0.0912993296765521
0.0916907592084828
0.0920821887404135
0.0924736182723442
0.0928650478042749
0.0932564773362056
0.09364790686813632
0.094039336400067
0.09443076593199771
0.0948221954639284
0.09521362499585911
0.09560505452778979
0.09599648405972051
0.0963879135916512
0.09677934312358191
0.0971707726555126
0.09756220218744331
0.097953631719374
0.09834506125130471
0.0987364907832354
0.09912792031516612
0.0995193498470968
0.09991077937902752
0.1003022089109582
0.10069363844288892
0.1010850679748196
0.1014764975067503
0.10186792703868101
0.10225935657061169
0.10265078610254241
0.10304221563447312
0.10343364516640381
0.10382507469833452
0.10421650423026521
0.10460793376219593
0.10499936329412661
0.10539079282605733
0.10578222235798801
0.10617365188991873
0.10656508142184941
0.1069565109537801
0.10734794048571082
0.1077393700176415
0.10813079954957222
0.10852222908150293
0.10891365861343362
0.10930508814536433
0.10969651767729502
0.11008794720922574
0.11047937674115642
0.11087080627308714
0.11126223580501782
0.11165366533694851
0.11204509486887923
0.11243652440080991
0.11282795393274063
0.11321938346467131
0.11361081299660203
0.11400224252853274
0.11439367206046343
0.11478510159239415
0.11517653112432483
0.11556796065625555
0.11595939018818623
0.11635081972011695
0.11674224925204763
0.11713367878397832
0.11752510831590904
0.11791653784783972
0.11830796737977044
0.11869939691170112
0.11909082644363184
0.11948225597556254
0.11987368550749324
0.12026511503942396
0.12065654457135463
0.12104797410328536
0.12143940363521603
0.12183083316714673
0.12222226269907743
0.12261369223100813
0.12300512176293885
0.12339655129486952
0.12378798082680025
0.12417941035873092
0.12457083989066164
0.12496226942259234
0.12535369895452306
0.12574512848645375
0.12613655801838444
0.12652798755031516
0.12691941708224586
0.12731084661417652
0.12770227614610724
0.12809370567803793
0.12848513520996865
0.12887656474189935
0.12926799427383004
0.12965942380576073
0.13005085333769142
0.13044228286962214
0.13083371240155287
0.13122514193348356
0.13161657146541425
0.13200800099734494
0.13239943052927566
0.13279086006120636
0.13318228959313705
0.13357371912506774
0.13396514865699846
0.13435657818892915
0.13474800772085982
0.13513943725279054
0.13553086678472123
0.13592229631665195
0.13631372584858267
0.13670515538051337
0.13709658491244406
0.13748801444437475
0.13787944397630547
0.13827087350823616
0.13866230304016686
0.13905373257209755
0.13944516210402827
0.13983659163595896
0.14022802116788963
0.14061945069982035
0.14101088023175104
0.14140230976368176
0.14179373929561248
0.14218516882754315
0.14257659835947387
0.14296802789140456
0.14335945742333528
0.14375088695526597
0.14414231648719666
0.14453374601912736
0.14492517555105805
0.14531660508298877
0.14570803461491946
0.14609946414685016
0.14649089367878085
0.14688232321071157
0.1472737527426423
0.14766518227457295
0.14805661180650367
0.14844804133843437
0.1488394708703651
0.14923090040229578
0.14962232993422647
0.15001375946615716
0.15040518899808786
0.15079661853001858
0.15118804806194927
0.15157947759387996
0.15197090712581066
0.15236233665774135
0.15275376618967207
0.15314519572160276
0.15353662525353345
0.15392805478546417
0.15431948431739487
0.1547109138493256
0.15510234338125625
0.15549377291318697
0.15588520244511767
0.15627663197704839
0.15666806150897908
0.15705949104090974
0.15745092057284046
0.15784235010477116
0.15823377963670188
0.15862520916863257
0.15901663870056326
0.15940806823249398
0.15979949776442468
0.1601909272963554
0.16058235682828606
0.16097378636021678
0.16136521589214747
0.16175664542407817
0.1621480749560089
0.16253950448793955
0.16293093401987027
0.16332236355180096
0.16371379308373168
0.16410522261566238
0.16449665214759307
0.1648880816795238
0.16527951121145448
0.1656709407433852
0.16606237027531587
0.1664537998072466
0.16684522933917728
0.16723665887110797
0.1676280884030387
0.16801951793496936
0.16841094746690008
0.16880237699883077
0.1691938065307615
0.1695852360626922
0.16997666559462288
0.1703680951265536
0.1707595246584843
0.171150954190415
0.17154238372234568
0.17193381325427637
0.1723252427862071
0.17271667231813778
0.1731081018500685
0.17349953138199917
0.1738909609139299
0.17428239044586058
0.1746738199777913
0.17506524950972202
0.17545667904165269
0.1758481085735834
0.1762395381055141
0.17663096763744482
0.17702239716937548
0.17741382670130618
0.1778052562332369
0.1781966857651676
0.1785881152970983
0.17897954482902897
0.1793709743609597
0.1797624038928904
0.18015383342482108
0.1805452629567518
0.1809366924886825
0.1813281220206132
0.1817195515525439
0.1821109810844746
0.1825024106164053
0.18289384014833598
0.1832852696802667
0.1836766992121974
0.18406812874412812
0.18445955827605878
0.1848509878079895
0.1852424173399202
0.1856338468718509
0.1860252764037816
0.1864167059357123
0.18680813546764302
0.18719956499957371
0.1875909945315044
0.18798242406343513
0.1883738535953658
0.1887652831272965
0.1891567126592272
0.18954814219115793
0.1899395717230886
0.19033100125501928
0.19072243078695
0.1911138603188807
0.19150528985081142
0.1918967193827421
0.1922881489146728
0.19267957844660352
0.19307100797853421
0.19346243751046494
0.1938538670423956
0.19424529657432632
0.194636726106257
0.19502815563818773
0.1954195851701184
0.1958110147020491
0.1962024442339798
0.1965938737659105
0.19698530329784122
0.19737673282977192
0.1977681623617026
0.19815959189363333
0.19855102142556402
0.19894245095749474
0.1993338804894254
0.19972531002135613
0.20011673955328682
0.2005081690852175
0.20089959861714823
0.2012910281490789
0.20168245768100962
0.2020738872129403
0.20246531674487103
0.2028567462768017
0.2032481758087324
0.2036396053406631
0.2040310348725938
0.20442246440452452
0.2048138939364552
0.2052053234683859
0.2055967530003166
0.20598818253224735
0.20637961206417804
0.20677104159610873
0.20716247112803945
0.20755390065997015
0.20794533019190084
0.20833675972383153
0.20872818925576223
0.20911961878769295
0.20951104831962364
0.20990247785155436
0.21029390738348502
0.21068533691541572
0.21107676644734644
0.21146819597927713
0.21185962551120785
0.21225105504313851
0.21264248457506923
0.21303391410699993
0.21342534363893062
0.21381677317086134
0.214208202702792
0.21459963223472273
0.21499106176665342
0.21538249129858414
0.2157739208305148
0.21616535036244552
0.21655677989437622
0.21694820942630696
0.21733963895823769
0.21773106849016835
0.21812249802209904
0.21851392755402976
0.21890535708596046
0.21929678661789115
0.21968821614982184
0.22007964568175256
0.22047107521368325
0.22086250474561395
0.22125393427754464
0.22164536380947533
0.22203679334140605
0.22242822287333675
0.22281965240526747
0.22321108193719813
0.22360251146912882
0.22399394100105954
0.22438537053299024
0.22477680006492096
0.22516822959685162
0.22555965912878234
0.22595108866071303
0.22634251819264375
0.22673394772457442
0.2271253772565051
0.22751680678843583
0.22790823632036653
0.22829966585229727
0.22869109538422797
0.22908252491615866
0.22947395444808938
0.22986538398002007
0.2302568135119508
0.23064824304388146
0.23103967257581215
0.23143110210774287
0.23182253163967356
0.23221396117160426
0.23260539070353495
0.23299682023546567
0.23338824976739636
0.23377967929932705
0.23417110883125775
0.23456253836318844
0.23495396789511916
0.23534539742704985
0.23573682695898057
0.23612825649091124
0.23651968602284196
0.23691111555477265
0.23730254508670334
0.23769397461863406
0.23808540415056473
0.23847683368249545
0.23886826321442614
0.2392596927463569
0.23965112227828758
0.24004255181021827
0.240433981342149
0.2408254108740797
0.24121684040601038
0.2416082699379411
0.2419996994698718
0.24239112900180249
0.24278255853373318
0.2431739880656639
0.2435654175975946
0.24395684712952528
0.24434827666145598
0.24473970619338667
0.2451311357253174
0.24552256525724808
0.24591399478917877
0.24630542432110947
0.24669685385304022
0.24708828338497088
0.24747971291690157
0.24787114244883227
0.24826257198076296
0.2486540015126937
0.24904543104462437
0.24943686057655506
0.24982829010848576
0.25021971964041645
0.2506111491723472
0.25100257870427795
0.2513940082362086
0.2517854377681393
0.25217686730007
0.2525682968320007
0.25295972636393144
0.2533511558958621
0.25374258542779277
0.2541340149597235
0.2545254444916542
0.2549168740235849
0.2553083035555156
0.25569973308744626
0.25609116261937703
0.2564825921513077
0.2568740216832384
0.2572654512151691
0.25765688074709975
0.2580483102790305
0.2584397398109612
0.2588311693428919
0.2592225988748226
0.2596140284067533
0.260005457938684
0.2603968874706147
0.2607883170025454
0.26117974653447606
0.2615711760664068
0.26196260559833756
0.2623540351302682
0.2627454646621989
0.2631368941941296
0.26352832372606033
0.26391975325799105
0.2643111827899217
0.2647026123218524
0.2650940418537831
0.2654854713857138
0.26587690091764454
0.2662683304495752
0.2666597599815059
0.26705118951343665
0.2674426190453673
0.26783404857729803
0.2682254781092287
0.26861690764115936
0.26900833717309014
0.2693997667050208
0.2697911962369515
0.2701826257688822
0.27057405530081285
0.27096548483274363
0.2713569143646743
0.271748343896605
0.2721397734285357
0.27253120296046646
0.2729226324923972
0.27331406202432784
0.2737054915562585
0.2740969210881893
0.27448835062011995
0.27487978015205067
0.27527120968398133
0.275662639215912
0.2760540687478428
0.27644549827977344
0.27683692781170416
0.2772283573436348
0.2776197868755655
0.27801121640749626
0.27840264593942693
0.27879407547135765
0.2791855050032883
0.27957693453521903
0.27996836406714976
0.2803597935990804
0.28075122313101114
0.2811426526629418
0.2815340821948725
0.28192551172680325
0.2823169412587339
0.28270837079066463
0.28309980032259535
0.283491229854526
0.2838826593864568
0.28427408891838746
0.2846655184503181
0.28505694798224884
0.28544837751417956
0.2858398070461103
0.28623123657804095
0.2866226661099716
0.2870140956419024
0.28740552517383305
0.2877969547057638
0.28818838423769444
0.2885798137696251
0.2889712433015559
0.28936267283348654
0.28975410236541727
0.29014553189734793
0.2905369614292786
0.29092839096120937
0.29131982049314004
0.29171125002507076
0.2921026795570014
0.29249410908893214
0.29288553862086286
0.2932769681527935
0.29366839768472425
0.2940598272166549
0.29445125674858563
0.2948426862805164
0.2952341158124471
0.2956255453443778
0.29601697487630846
0.2964084044082392
0.2967998339401699
0.29719126347210056
0.29758269300403123
0.29797412253596195
0.29836555206789267
0.2987569815998234
0.29914841113175406
0.2995398406636847
0.2999312701956155
0.30032269972754616
0.3007141292594769
0.30110555879140755
0.3014969883233382
0.301888417855269
0.30227984738719965
0.30267127691913037
0.30306270645106104
0.30345413598299176
0.3038455655149225
0.30423699504685314
0.30462842457878386
0.30501985411071453
0.30541128364264525
0.30580271317457597
0.3061941427065067
0.3065855722384374
0.3069770017703681
0.3073684313022988
0.3077598608342295
0.3081512903661602
0.3085427198980909
0.30893414943002157
0.3093255789619523
0.309717008493883
0.31010843802581367
0.31049986755774434
0.31089129708967506
0.3112827266216058
0.3116741561535365
0.31206558568546716
0.3124570152173978
0.3128484447493286
0.31323987428125927
0.31363130381319
0.31402273334512065
0.3144141628770513
0.3148055924089821
0.31519702194091276
0.3155884514728435
0.31597988100477414
0.31637131053670486
0.3167627400686356
0.3171541696005663
0.317545599132497
0.3179370286644277
0.31832845819635835
0.31871988772828913
0.3191113172602198
0.3195027467921505
0.3198941763240812
0.32028560585601196
0.3206770353879426
0.3210684649198733
0.32145989445180395
0.32185132398373467
0.32224275351566534
0.3226341830475961
0.3230256125795268
0.32341704211145744
0.3238084716433882
0.3241999011753189
0.3245913307072496
0.32498276023918027
0.32537418977111093
0.3257656193030417
0.3261570488349724
0.3265484783669031
0.32693990789883376
0.3273313374307644
0.3277227669626952
0.32811419649462586
0.32850562602655664
0.3288970555584873
0.329288485090418
0.32967991462234875
0.3300713441542794
0.33046277368621013
0.3308542032181408
0.3312456327500714
0.33163706228200224
0.3320284918139329
0.3324199213458636
0.3328113508777943
0.333202780409725
0.33359420994165573
0.3339856394735864
0.33437706900551706
0.3347684985374478
0.3351599280693785
0.3355513576013092
0.3359427871332399
0.3363342166651706
0.3367256461971013
0.337117075729032
0.33750850526096265
0.3378999347928934
0.338291364324824
0.3386827938567548
0.3390742233886855
0.33946565292061626
0.33985708245254687
0.3402485119844776
0.34063994151640836
0.341031371048339
0.34142280058026975
0.34181423011220047
0.3422056596441311
0.34259708917606185
0.34298851870799246
0.34337994823992324
0.34377137777185385
0.34416280730378457
0.34455423683571534
0.34494566636764606
0.34533709589957673
0.34572852543150745
0.34611995496343806
0.34651138449536883
0.34690281402729944
0.34729424355923016
0.34768567309116083
0.34807710262309166
0.3484685321550223
0.34885996168695305
0.34925139121888366
0.34964282075081443
0.35003425028274504
0.3504256798146759
0.35081710934660654
0.35120853887853726
0.3515999684104679
0.35199139794239864
0.3523828274743293
0.35277425700626003
0.35316568653819064
0.3535571160701215
0.35394854560205213
0.3543399751339829
0.3547314046659135
0.3551228341978442
0.3555142637297749
0.3559056932617056
0.3562971227936363
0.356688552325567
0.35707998185749773
0.3574714113894285
0.3578628409213591
0.35825427045328984
0.3586456999852205
0.3590371295171512
0.3594285590490819
0.3598199885810126
0.36021141811294327
0.360602847644874
0.3609942771768047
0.3613857067087355
0.3617771362406661
0.3621685657725968
0.36255999530452754
0.3629514248364583
0.363342854368389
0.3637342839003197
0.3641257134322503
0.36451714296418103
0.3649085724961117
0.36530000202804247
0.36569143155997313
0.3660828610919038
0.3664742906238346
0.3668657201557653
0.36725714968769596
0.3676485792196266
0.3680400087515573
0.36843143828348807
0.36882286781541873
0.36921429734734945
0.3696057268792801
0.3699971564112109
0.37038858594314156
0.3707800154750722
0.37117144500700294
0.3715628745389336
0.3719543040708643
0.37234573360279505
0.37273716313472577
0.37312859266665643
0.37352002219858715
0.3739114517305179
0.3743028812624486
0.37469431079437926
0.3750857403263099
0.37547716985824064
0.37586859939017137
0.3762600289221021
0.37665145845403275
0.3770428879859634
0.37743431751789414
0.37782574704982486
0.3782171765817556
0.37860860611368624
0.37900003564561696
0.3793914651775477
0.37978289470947835
0.38017432424140907
0.38056575377333973
0.38095718330527034
0.3813486128372012
0.38174004236913184
0.38213147190106256
0.3825229014329932
0.38291433096492394
0.38330576049685466
0.38369719002878533
0.38408861956071605
0.3844800490926468
0.38487147862457743
0.3852629081565082
0.3856543376884389
0.38604576722036954
0.3864371967523002
0.386828626284231
0.3872200558161617
0.38761148534809237
0.38800291488002303
0.3883943444119538
0.38878577394388447
0.3891772034758152
0.3895686330077458
0.3899600625396765
0.3903514920716073
0.39074292160353796
0.3911343511354687
0.3915257806673994
0.39191721019933
0.3923086397312608
0.39270006926319145
0.3930914987951222
0.3934829283270528
0.3938743578589835
0.3942657873909143
0.394657216922845
0.39504864645477566
0.3954400759867064
0.395831505518637
0.3962229350505678
0.3966143645824985
0.3970057941144292
0.3973972236463599
0.3977886531782906
0.39818008271022126
0.398571512242152
0.3989629417740826
0.39935437130601337
0.3997458008379441
0.40013723036987486
0.4005286599018055
0.4009200894337362
0.40131151896566686
0.40170294849759763
0.40209437802952824
0.4024858075614591
0.4028772370933896
0.40326866662532046
0.40366009615725107
0.40405152568918185
0.40444295522111245
0.4048343847530432
0.40522581428497384
0.40561724381690467
0.4060086733488352
0.40640010288076606
0.40679153241269667
0.40718296194462744
0.40757439147655805
0.40796582100848877
0.40835725054041944
0.40874868007235016
0.4091401096042808
0.40953153913621165
0.40992296866814226
0.410314398200073
0.41070582773200365
0.4110972572639344
0.41148868679586503
0.41188011632779575
0.41227154585972653
0.41266297539165725
0.4130544049235879
0.41344583445551863
0.4138372637588024
0.414228692949365
0.41462012213992766
0.4150115513304901
0.41540298052105284
0.4157944097116154
0.4161858389021781
0.4165772680927406
0.41696869728330327
0.4173601264738659
0.4177515556644285
0.418142984854991
0.41853441404555375
0.4189258432361163
0.419317272426679
0.4197087016172415
0.4201001308078042
0.4204915599983668
0.4208829891889294
0.421274418379492
0.4216658475700546
0.4220572767606172
0.4224487059511799
0.4228401351417425
0.4232315643323051
0.42362299352286775
0.4240144227134303
0.424405851903993
0.4247972810945555
0.4251887102851182
0.4255801394756808
0.4259715686662434
0.426362997856806
0.42675442704736866
0.42714585623793117
0.4275372854284939
0.4279287146190564
0.4283201438096191
0.42871157300018164
0.42910300219074426
0.4294944313813069
0.42988586057186956
0.43027728976243207
0.43066871895299474
0.4310601481435573
0.43145157733412
0.43184300652468255
0.43223443571524517
0.4326258649058078
0.43301729409637046
0.433408723286933
0.43380015247749565
0.43419158166805827
0.43458301085862094
0.43497444004918356
0.4353658692397461
0.43575729843030875
0.43614872762087137
0.436540156811434
0.43693158600199655
0.4373230151925592
0.43771444438312185
0.4381058735736844
0.438497302764247
0.43888873195480965
0.43928016114537227
0.4396715903359349
0.44006301952649746
0.4404544487170601
0.44084587790762264
0.4412373070981853
0.44162873628874794
0.4420201654793105
0.4424115946698731
0.44280302386043574
0.44319445305099836
0.443585882241561
0.44397731143212354
0.4443687406226862
0.44476016981324884
0.4451515990038114
0.4455430281943742
0.44593445738493664
0.4463258865754993
0.4467173157660619
0.44710874495662456
0.4475001741471871
0.44789160333774974
0.4482830325283123
0.4486744617188751
0.4490658909094375
0.4494573201000003
0.4498487492905628
0.45024017848112546
0.45063160767168803
0.45102303686225065
0.4514144660528132
0.451805895243376
0.4521973244339384
0.4525887536245012
0.4529801828150637
0.45337161200562637
0.45376304119618893
0.45415447038675155
0.4545458995773141
0.4549373287678768
0.4553287579584393
0.4557201871490021
0.45611161633956454
0.45650304553012727
0.45689447472068995
0.45728590391125246
0.45767733310181513
0.4580687622923777
0.4584601914829403
0.458851620673503
0.4592430498640655
0.4596344790546282
0.46002590824519074
0.46041733743575336
0.46080876662631604
0.4612001958168786
0.4615916250074412
0.46198305419800384
0.46237448338856646
0.4627659125791291
0.46315734176969164
0.46354877096025426
0.46394020015081694
0.4643316293413795
0.4647230585319421
0.46511448772250474
0.46550591691306736
0.46589734610363
0.46628877529419255
0.46668020448475517
0.46707163367531784
0.46746306286588046
0.467854492056443
0.4682459212470057
0.4686373504375682
0.4690287796281309
0.4694202088186935
0.4698116380092561
0.47020306719981864
0.47059449639038137
0.47098592558094393
0.4713773547715066
0.4717687839620691
0.4721602131526318
0.4725516423431944
0.47294307153375703
0.47333450072431954
0.47372592991488227
0.47411735910544484
0.4745087882960075
0.47490021748657
0.4752916466771327
0.4756830758676953
0.47607450505825794
0.4764659342488205
0.4768573634393832
0.47724879262994574
0.4776402218205084
0.4780316510110709
0.4784230802016336
0.4788145093921963
0.4792059385827588
0.4795973677733215
0.4799887969638841
0.4803802261544467
0.4807716553450093
0.48116308453557194
0.4815545137261345
0.4819459429166972
0.4823373721072597
0.48272880129782236
0.483120230488385
0.48351165967894766
0.4839030888695101
0.48429451806007284
0.4846859472506354
0.4850773764411981
0.4854688056317606
0.48586023482232316
0.48625166401288583
0.48664309320344845
0.4870345223940111
0.48742595158457375
0.4878173807751364
0.488208809965699
0.4886002391562615
0.48899166834682417
0.48938309753738674
0.48977452672794947
0.49016595591851203
0.49055738510907465
0.49094881429963744
0.4913402434901999
0.4917316726807625
0.49212310187132496
0.4925145310618877
0.49290596025245026
0.49329738944301293
0.49368881863357555
0.49408024782413823
0.4944716770147008
0.4948631062052633
0.495254535395826
0.4956459645863886
0.4960373937769513
0.49642882296751384
0.49682025215807635
0.497211681348639
0.4976031105392017
0.4979945397297643
0.4983859689203269
0.4987773981108896
0.49916882730145207
0.49956025649201474
0.49995168568257714
0.5003431148731399
0.5007345440637025
0.5011259732542651
0.5015174024448279
0.5019088316353905
0.5023002608259531
0.5026916900165155
0.5030831192070783
0.5034745483976408
0.5038659775882035
0.5042574067787662
0.5046488359693287
0.5050402651598914
0.505431694350454
0.5058231235410166
0.5062145527315792
0.5066059819221417
0.5069974111127045
0.5073888403032669
0.5077802694938297
0.5081716986843923
0.508563127874955
0.5089545570655174
0.5093459862560801
0.5097374154466426
0.5101288446372053
0.510520273827768
0.5109117030183306
0.5113031322088931
0.5116945613994558
0.5120859905900185
0.512477419780581
0.5128688489711436
0.5132602781617062
0.5136517073522688
0.5140431365428314
0.5144345657333941
0.5148259949239568
0.5152174241145193
0.5156088533050819
0.5160002824956446
0.5163917116862071
0.5167831408767698
0.5171745700673323
0.5175659992578949
0.5179574284484576
0.5183488576390203
0.5187402868295828
0.5191317160201454
0.519523145210708
0.5199145744012706
0.5203060035918332
0.5206974327823959
0.5210888619729586
0.5214802911635211
0.5218717203540837
0.5222631495446464
0.5226545787352089
0.5230460079257716
0.5234374371163342
0.5238288663068967
0.5242202954974594
0.524611724688022
0.5250031538785846
0.5253945830691472
0.5257860122597099
0.5261774414502725
0.5265688706408351
0.5269602998313977
0.5273517290219604
0.5277431582125228
0.5281345874030856
0.5285260165936482
0.5289174457842108
0.5293088749747734
0.529700304165336
0.5300917333558985
0.5304831625464612
0.5308745917370238
0.5312660209275865
0.531657450118149
0.5320488793087117
0.5324403084992743
0.5328317376898369
0.5332231668803995
0.5336145960709622
0.5340060252615246
0.5343974544520873
0.53478888364265
0.5351803128332125
0.5355717420237752
0.5359631712143378
0.5363546004049005
0.536746029595463
0.5371374587860257
0.5375288879765883
0.5379203171671508
0.5383117463577135
0.5387031755482762
0.5390946047388387
0.5394860339294014
0.539877463119964
0.5402688923105265
0.5406603215010891
0.5410517506916518
0.5414431798822144
0.541834609072777
0.5422260382633396
0.5426174674539023
0.5430088966444648
0.5434003258350275
0.5437917550255901
0.5441831842161526
0.5445746134067152
0.544966042597278
0.5453574717878407
0.5457489009784031
0.5461403301689658
0.5465317593595284
0.546923188550091
0.5473146177406536
0.5477060469312163
0.5480974761217788
0.5484889053123414
0.5488803345029041
0.5492717636934668
0.5496631928840293
0.550054622074592
0.5504460512651544
0.5508374804557171
0.5512289096462797
0.5516203388368424
0.5520117680274049
0.5524031972179676
0.5527946264085302
0.5531860555990928
0.5535774847896554
0.5539689139802181
0.5543603431707806
0.5547517723613432
0.5551432015519059
0.5555346307424686
0.5559260599330311
0.5563174891235938
0.5567089183141564
0.5571003475047189
0.5574917766952816
0.5578832058858442
0.5582746350764068
0.5586660642669694
0.559057493457532
0.5594489226480946
0.5598403518386573
0.5602317810292199
0.5606232102197826
0.561014639410345
0.5614060686009077
0.5617974977914703
0.5621889269820329
0.5625803561725955
0.5629717853631581
0.5633632145537207
0.5637546437442834
0.564146072934846
0.5645375021254087
0.5649289313159712
0.5653203605065338
0.5657117896970965
0.5661032188876591
0.5664946480782217
0.5668860772687844
0.5672775064593468
0.5676689356499095
0.5680603648404722
0.5684517940310347
0.5688432232215974
0.5692346524121599
0.5696260816027225
0.5700175107932852
0.5704089399838479
0.5708003691744105
0.571191798364973
0.5715832275555356
0.5719746567460983
0.5723660859366609
0.5727575151272236
0.5731489443177861
0.5735403735083487
0.5739318026989113
0.574323231889474
0.5747146610800365
0.5751060902705992
0.5754975194611617
0.5758889486517244
0.576280377842287
0.5766718070328497
0.5770632362234123
0.5774546654139748
0.5778460946045374
0.5782375237951001
0.5786289529856626
0.5790203821762253
0.579411811366788
0.5798032405573504
0.5801946697479131
0.5805860989384758
0.5809775281290385
0.581368957319601
0.5817603865101636
0.5821518157007262
0.5825432448912888
0.5829346740818515
0.5833261032724142
0.5837175324629766
0.5841089616535393
0.5845003908441019
0.5848918200346646
0.5852832492252271
0.5856746784157898
0.5860661076063522
0.5864575367969149
0.5868489659874776
0.5872403951780403
0.5876318243686028
0.5880232535591654
0.588414682749728
0.5888061119402906
0.5891975411308532
0.5895889703214159
0.5899803995119784
0.590371828702541
0.5907632578931037
0.5911546870836664
0.591546116274229
0.5919375454647916
0.5923289746553542
0.5927204038459167
0.5931118330364794
0.5935032622270421
0.5938946914176048
0.5942861206081672
0.5946775497987299
0.5950689789892925
0.5954604081798551
0.5958518373704177
0.5962432665609803
0.5966346957515428
0.5970261249421055
0.5974175541326682
0.5978089833232308
0.5982004125137934
0.598591841704356
0.5989832708949185
0.5993747000854812
0.5997661292760438
0.6001575584666066
0.6005489876571689
0.6009404168477317
0.6013318460382944
0.6017232752288569
0.6021147044194196
0.6025061336099821
0.6028975628005447
0.6032889919911073
0.60368042118167
0.6040718503722327
0.6044632795627952
0.6048547087533578
0.6052461379439205
0.605637567134483
0.6060289963250457
0.6064204255156083
0.6068118547061708
0.6072032838967334
0.6075947130872961
0.6079861422778587
0.6083775714684214
0.6087690006589839
0.6091604298495465
0.6095518590401091
0.6099432882306718
0.6103347174212345
0.610726146611797
0.6111175758023596
0.6115090049929223
0.6119004341834848
0.6122918633740475
0.6126832925646102
0.6130747217551726
0.6134661509457353
0.6138575801362979
0.6142490093268606
0.6146404385174232
0.6150318677079858
0.6154232968985484
0.615814726089111
0.6162061552796736
0.6165975844702363
0.6169890136607988
0.6173804428513614
0.617771872041924
0.6181633012324866
0.6185547304230493
0.618946159613612
0.6193375888041744
0.6197290179947371
0.6201204471852997
0.6205118763758624
0.620903305566425
0.6212947347569876
0.6216861639475502
0.6220775931381128
0.6224690223286754
0.6228604515192381
0.6232518807098006
0.6236433099003632
0.6240347390909259
0.6244261682814884
0.6248175974720511
0.6252090266626138
0.6256004558531764
0.6259918850437389
0.6263833142343016
0.6267747434248642
0.6271661726154268
0.6275576018059894
0.6279490309965521
0.6283404601871146
0.6287318893776773
0.6291233185682399
0.6295147477588025
0.629906176949365
0.6302976061399277
0.6306890353304903
0.6310804645210529
0.6314718937116156
0.6318633229021782
0.6322547520927407
0.6326461812833034
0.633037610473866
0.6334290396644287
0.6338204688549911
0.6342118980455538
0.6346033272361165
0.634994756426679
0.6353861856172417
0.6357776148078043
0.6361690439983669
0.6365604731889295
0.6369519023794922
0.6373433315700547
0.6377347607606174
0.63812618995118
0.6385176191417427
0.6389090483323052
0.6393004775228679
0.6396919067134305
0.640083335903993
0.6404747650945556
0.6408661942851183
0.6412576234756808
0.6416490526662435
0.6420404818568061
0.6424319110473687
0.6428233402379313
0.643214769428494
0.6436061986190565
0.6439976278096192
0.6443890570001817
0.6447804861907444
0.6451719153813069
0.6455633445718696
0.6459547737624323
0.6463462029529948
0.6467376321435575
0.6471290613341201
0.6475204905246827
0.6479119197152453
0.6483033489058079
0.6486947780963706
0.6490862072869332
0.6494776364774958
0.6498690656680585
0.650260494858621
0.6506519240491836
0.6510433532397462
0.6514347824303088
0.6518262116208714
0.6522176408114341
0.6526090700019966
0.6530004991925593
0.6533919283831219
0.6537833575736846
0.6541747867642471
0.6545662159548097
0.6549576451453724
0.655349074335935
0.6557405035264975
0.6561319327170602
0.6565233619076228
0.6569147910981854
0.6573062202887481
0.6576976494793106
0.6580890786698733
0.6584805078604359
0.6588719370509984
0.6592633662415611
0.6596547954321238
0.6600462246226864
0.660437653813249
0.6608290830038115
0.6612205121943742
0.6616119413849368
0.6620033705754995
0.662394799766062
0.6627862289566246
0.6631776581471872
0.6635690873377499
0.6639605165283124
0.6643519457188751
0.6647433749094377
0.6651348041000003
0.6655262332905629
0.6659176624811256
0.6663090916716881
0.6667005208622507
0.6670919500528133
0.667483379243376
0.6678748084339386
0.6682662376245012
0.6686576668150639
0.6690490960056265
0.669440525196189
0.6698319543867517
0.6702233835773144
0.6706148127678769
0.6710062419584396
0.6713976711490021
0.6717891003395647
0.6721805295301274
0.6725719587206901
0.6729633879112525
0.6733548171018151
0.6737462462923778
0.6741376754829405
0.674529104673503
0.6749205338640657
0.6753119630546283
0.6757033922451908
0.6760948214357535
0.6764862506263162
0.6768776798168786
0.6772691090074414
0.6776605381980039
0.6780519673885665
0.6784433965791291
0.6788348257696918
0.6792262549602546
0.6796176841508169
0.6800091133413796
0.6804005425319423
0.6807919717225049
0.6811834009130675
0.6815748301036301
0.6819662592941926
0.6823576884847553
0.682749117675318
0.6831405468658807
0.6835319760564431
0.6839234052470057
0.6843148344375684
0.684706263628131
0.6850976928186936
0.6854891220092563
0.6858805511998187
0.6862719803903814
0.6866634095809441
0.6870548387715067
0.6874462679620693
0.6878376971526319
0.6882291263431944
0.6886205555337571
0.6890119847243198
0.6894034139148825
0.6897948431054449
0.6901862722960075
0.6905777014865702
0.6909691306771328
0.6913605598676955
0.6917519890582581
0.6921434182488206
0.6925348474393832
0.6929262766299459
0.6933177058205086
0.6937091350110712
0.6941005642016337
0.6944919933921962
0.6948834225827589
0.6952748517733216
0.6956662809638842
0.6960577101544468
0.6964491393450093
0.696840568535572
0.6972319977261346
0.6976234269166973
0.6980148561072599
0.6984062852978224
0.698797714488385
0.6991891436789477
0.6995805728695104
0.699972002060073
0.7003634312506355
0.7007548604411981
0.7011462896317607
0.7015377188223234
0.7019291480128861
0.7023205772034486
0.7027120063940112
0.7031034355845738
0.7034948647751365
0.7038862939656991
0.7042777231562618
0.7046691523468243
0.7050605815373869
0.7054520107279495
0.7058434399185122
0.7062348691090747
0.7066262982996374
0.7070177274901999
0.7074091566807625
0.7078005858713252
0.7081920150618879
0.7085834442524505
0.708974873443013
0.7093663026335756
0.7097577318241383
0.7101491610147009
0.7105405902052636
0.710932019395826
0.7113234485863886
0.7117148777769513
0.712106306967514
0.7124977361580767
0.7128891653486391
0.7132805945392018
0.7136720237297643
0.714063452920327
0.7144548821108897
0.7148463113014524
0.7152377404920148
0.7156291696825775
0.7160205988731401
0.7164120280637027
0.7168034572542654
0.717194886444828
0.7175863156353904
0.7179777448259531
0.7183691740165158
0.7187606032070785
0.7191520323976409
0.7195434615882036
0.7199348907787662
0.7203263199693288
0.7207177491598915
0.7211091783504541
0.7215006075410165
0.7218920367315792
0.7222834659221419
0.7226748951127046
0.7230663243032671
0.7234577534938297
0.7238491826843924
0.7242406118749549
0.7246320410655176
0.7250234702560803
0.7254148994466428
0.7258063286372054
0.7261977578277681
0.7265891870183306
0.7269806162088933
0.7273720453994559
0.7277634745900186
0.728154903780581
0.7285463329711437
0.7289377621617064
0.729329191352269
0.7297206205428315
0.7301120497333942
0.7305034789239567
0.7308949081145194
0.7312863373050821
0.7316777664956446
0.7320691956862072
0.7324606248767699
0.7328520540673324
0.7332434832578951
0.7336349124484577
0.7340263416390204
0.7344177708295828
0.7348092000201455
0.7352006292107082
0.7355920584012708
0.7359834875918334
0.736374916782396
0.7367663459729586
0.7371577751635212
0.7375492043540839
0.7379406335446465
0.7383320627352091
0.7387234919257716
0.7391149211163343
0.7395063503068969
0.7398977794974595
0.7402892086880221
0.7406806378785847
0.7410720670691473
0.74146349625971
0.7418549254502727
0.7422463546408352
0.7426377838313978
0.7430292130219605
0.743420642212523
0.7438120714030857
0.7442035005936483
0.7445949297842109
0.7449863589747734
0.7453777881653361
0.7457692173558987
0.7461606465464613
0.746552075737024
0.7469435049275865
0.7473349341181492
0.7477263633087118
0.7481177924992745
0.748509221689837
0.7489006508803997
0.7492920800709622
0.7496835092615248
0.7500749384520875
0.7504663676426501
0.7508577968332126
0.7512492260237753
0.7516406552143379
0.7520320844049005
0.7524235135954631
0.7528149427860258
0.7532063719765884
0.753597801167151
0.7539892303577136
0.7543806595482763
0.7547720887388388
0.7551635179294015
0.755554947119964
0.7559463763105266
0.7563378055010893
0.7567292346916519
0.7571206638822146
0.7575120930727771
0.7579035222633398
0.7582949514539024
0.7586863806444649
0.7590778098350276
0.7594692390255903
0.7598606682161528
0.7602520974067155
0.7606435265972781
0.7610349557878406
0.7614263849784032
0.761817814168966
0.7622092433595284
0.7626006725500911
0.7629921017406537
0.7633835309312164
0.7637749601217789
0.7641663893123416
0.7645578185029042
0.7649492476934667
0.7653406768840294
0.7657321060745921
0.7661235352651545
0.7665149644557172
0.7669063936462799
0.7672978228368424
0.767689252027405
0.7680806812179677
0.7684721104085304
0.7688635395990929
0.7692549687896555
0.7696463979802182
0.7700378271707808
0.7704292563613434
0.7708206855519061
0.7712121147424685
0.7716035439330312
0.7719949731235939
0.7723864023141566
0.772777831504719
0.7731692606952817
0.7735606898858443
0.7739521190764069
0.7743435482669695
0.7747349774575322
0.7751264066480947
0.7755178358386573
0.77590926502922
0.7763006942197826
0.7766921234103451
0.7770835526009078
0.7774749817914703
0.777866410982033
0.7782578401725956
0.7786492693631583
0.7790406985537208
0.7794321277442835
0.7798235569348461
0.7802149861254087
0.7806064153159714
0.780997844506534
0.7813892736970967
0.7817807028876591
0.7821721320782218
0.7825635612687845
0.7829549904593471
0.7833464196499096
0.7837378488404722
0.7841292780310348
0.7845207072215975
0.7849121364121601
0.7853035656027227
0.7856949947932853
0.7860864239838479
0.7864778531744105
0.7868692823649732
0.7872607115555358
0.7876521407460985
0.7880435699366609
0.7884349991272236
0.7888264283177862
0.7892178575083489
0.7896092866989114
0.790000715889474
0.7903921450800366
0.7907835742705993
0.791175003461162
0.7915664326517245
0.7919578618422872
0.7923492910328497
0.7927407202234124
0.793132149413975
0.7935235786045377
0.7939150077951002
0.7943064369856627
0.7946978661762254
0.7950892953667881
0.7954807245573506
0.7958721537479133
0.7962635829384758
0.7966550121290384
0.7970464413196011
0.7974378705101638
0.7978292997007264
0.7982207288912889
0.7986121580818515
0.7990035872724142
0.7993950164629768
0.7997864456535395
0.800177874844102
0.8005693040346645
0.8009607332252272
0.8013521624157899
0.8017435916063526
0.8021350207969152
0.8025264499874776
0.8029178791780403
0.8033093083686029
0.8037007375591656
0.804092166749728
0.8044835959402907
0.8048750251308534
0.8052664543214161
0.8056578835119785
0.8060493127025412
0.8064407418931039
0.8068321710836666
0.807223600274229
0.8076150294647917
0.8080064586553544
0.808397887845917
0.8087893170364794
0.8091807462270421
0.8095721754176047
0.8099636046081674
0.8103550337987299
0.8107464629892925
0.8111378921798551
0.8115293213704178
0.8119207505609803
0.812312179751543
0.8127036089421057
0.8130950381326683
0.8134864673232309
0.8138778965137935
0.8142693257043562
0.8146607548949188
0.8150521840854814
0.8154436132760439
0.8158350424666065
0.8162264716571692
0.8166179008477319
0.8170093300382943
0.8174007592288569
0.8177921884194196
0.8181836176099823
0.8185750468005448
0.8189664759911075
0.8193579051816701
0.8197493343722327
0.8201407635627953
0.820532192753358
0.8209236219439207
0.8213150511344832
0.8217064803250457
0.8220979095156083
0.822489338706171
0.8228807678967337
0.8232721970872962
0.8236636262778587
0.8240550554684214
0.8244464846589841
0.8248379138495467
0.8252293430401093
0.8256207722306719
0.8260122014212345
0.8264036306117972
0.8267950598023598
0.8271864889929225
0.827577918183485
0.8279693473740477
0.8283607765646102
0.8287522057551728
0.8291436349457355
0.8295350641362981
0.8299264933268605
0.8303179225174232
0.8307093517079859
0.8311007808985486
0.831492210089111
0.8318836392796736
0.8322750684702364
0.832666497660799
0.8330579268513615
0.8334493560419242
0.8338407852324867
0.8342322144230495
0.834623643613612
0.8350150728041746
0.8354065019947373
0.8357979311852999
0.8361893603758626
0.836580789566425
0.8369722187569877
0.8373636479475504
0.837755077138113
0.8381465063286754
0.838537935519238
0.8389293647098007
0.8393207939003634
0.839712223090926
0.8401036522814885
0.8404950814720512
0.8408865106626139
0.8412779398531764
0.8416693690437391
0.8420607982343017
0.8424522274248644
0.8428436566154268
0.8432350858059895
0.8436265149965522
0.8440179441871148
0.8444093733776772
0.8448008025682399
0.8451922317588025
0.8455836609493652
0.8459750901399279
0.8463665193304903
0.846757948521053
0.8471493777116157
0.8475408069021784
0.8479322360927409
0.8483236652833035
0.8487150944738662
0.8491065236644288
0.8494979528549913
0.849889382045554
0.8502808112361167
0.8506722404266792
0.8510636696172417
0.8514550988078043
0.851846527998367
0.8522379571889297
0.8526293863794921
0.8530208155700548
0.8534122447606175
0.8538036739511802
0.8541951031417427
0.8545865323323053
0.854977961522868
0.8553693907134307
0.8557608199039931
0.8561522490945558
0.8565436782851185
0.856935107475681
0.8573265366662437
0.8577179658568062
0.8581093950473688
0.8585008242379315
0.8588922534284941
0.8592836826190565
0.8596751118096192
0.860066541000182
0.8604579701907447
0.860849399381307
0.8612408285718697
0.8616322577624324
0.8620236869529951
0.8624151161435576
0.8628065453341203
0.8631979745246828
0.8635894037152455
0.863980832905808
0.8643722620963706
0.8647636912869333
0.8651551204774959
0.8655465496680583
0.865937978858621
0.8663294080491837
0.8667208372397464
0.8671122664303088
0.8675036956208715
0.8678951248114342
0.8682865540019968
0.8686779831925595
0.8690694123831221
0.8694608415736846
0.8698522707642473
0.87024369995481
0.8706351291453724
0.8710265583359351
0.8714179875264977
0.8718094167170604
0.8722008459076228
0.8725922750981855
0.8729837042887482
0.8733751334793107
0.8737665626698733
0.874157991860436
0.8745494210509986
0.8749408502415613
0.8753322794321238
0.8757237086226864
0.8761151378132491
0.8765065670038118
0.8768979961943743
0.8772894253849369
0.8776808545754995
0.8780722837660622
0.8784637129566246
0.8788551421471873
0.87924657133775
0.8796380005283125
0.8800294297188752
0.8804208589094378
0.8808122881000005
0.8812037172905631
0.8815951464811257
0.8819865756716883
0.8823780048622509
0.8827694340528136
0.8831608632433763
0.8835522924339387
0.8839437216245013
0.884335150815064
0.8847265800056267
0.8851180091961891
0.8855094383867518
0.8859008675773143
0.886292296767877
0.8866837259584395
0.8870751551490021
0.8874665843395649
0.8878580135301275
0.88824944272069
0.8886408719112526
0.8890323011018153
0.8894237302923781
0.8898151594829405
0.8902065886735031
0.8905980178640658
0.8909894470546285
0.8913808762451911
0.8917723054357536
0.8921637346263162
0.8925551638168788
0.8929465930074415
0.893338022198004
0.8937294513885666
0.8941208805791292
0.8945123097696919
0.8949037389602544
0.8952951681508171
0.8956865973413798
0.8960780265319425
0.8964694557225049
0.8968608849130676
0.8972523141036303
0.8976437432941929
0.8980351724847554
0.898426601675318
0.8988180308658806
0.8992094600564433
0.8996008892470058
0.8999923184375684
0.9003837476281311
0.9007751768186938
0.9011666060092562
0.9015580351998189
0.9019494643903816
0.9023408935809443
0.9027323227715068
0.9031237519620693
0.903515181152632
0.9039066103431946
0.9042980395337574
0.9046894687243198
0.9050808979148824
0.9054723271054451
0.9058637562960078
0.9062551854865702
0.9066466146771328
0.9070380438676955
0.9074294730582582
0.9078209022488207
0.9082123314393834
0.9086037606299461
0.9089951898205086
0.9093866190110711
0.9097780482016338
0.9101694773921964
0.9105609065827591
0.9109523357733216
0.9113437649638843
0.9117351941544469
0.9121266233450096
0.912518052535572
0.9129094817261346
0.9133009109166973
0.91369234010726
0.9140837692978226
0.9144751984883852
0.9148666276789479
0.9152580568695105
0.9156494860600731
0.9160409152506356
0.9164323444411983
0.9168237736317609
0.9172152028223235
0.9176066320128861
0.9179980612034487
0.9183894903940114
0.9187809195845741
0.9191723487751364
0.9195637779656991
0.9199552071562618
0.9203466363468245
0.920738065537387
0.9211294947279497
0.9215209239185123
0.9219123531090749
0.9223037822996374
0.9226952114902001
0.9230866406807627
0.9234780698713253
0.923869499061888
0.9242609282524505
0.9246523574430132
0.9250437866335759
0.9254352158241385
0.9258266450147009
0.9262180742052636
0.9266095033958263
0.9270009325863889
0.9273923617769514
0.9277837909675141
0.9281752201580767
0.9285666493486394
0.9289580785392019
0.9293495077297645
0.9297409369203271
0.9301323661108898
0.9305237953014522
0.9309152244920149
0.9313066536825776
0.9316980828731403
0.9320895120637027
0.9324809412542654
0.9328723704448281
0.9332637996353907
0.9336552288259532
0.9340466580165158
0.9344380872070784
0.9348295163976411
0.9352209455882038
0.9356123747787664
0.9360038039693289
0.9363952331598916
0.9367866623504543
0.9371780915410167
0.9375695207315794
0.937960949922142
0.9383523791127046
0.9387438083032672
0.9391352374938299
0.9395266666843926
0.9399180958749551
0.9403095250655176
0.9407009542560802
0.9410923834466429
0.9414838126372056
0.9418752418277682
0.9422666710183307
0.9426581002088934
0.9430495293994561
0.9434409585900185
0.9438323877805812
0.9442238169711438
0.9446152461617064
0.945006675352269
0.9453981045428317
0.9457895337333944
0.9461809629239569
0.9465723921145196
0.946963821305082
0.9473552504956447
0.9477466796862074
0.9481381088767701
0.9485295380673325
0.9489209672578952
0.9493123964484579
0.9497038256390206
0.950095254829583
0.9504866840201456
0.9508781132107083
0.9512695424012709
0.9516609715918335
0.9520524007823962
0.9524438299729587
0.9528352591635214
0.9532266883540839
0.9536181175446465
0.9540095467352092
0.9544009759257719
0.9547924051163342
0.955183834306897
0.9555752634974597
0.9559666926880224
0.9563581218785848
0.9567495510691474
0.9571409802597101
0.9575324094502727
0.9579238386408354
0.9583152678313979
0.9587066970219604
0.9590981262125232
0.9594895554030859
0.9598809845936483
0.960272413784211
0.9606638429747737
0.9610552721653363
0.9614467013558987
0.9618381305464614
0.9622295597370241
0.9626209889275867
0.9630124181181492
0.9634038473087119
0.9637952764992745
0.9641867056898372
0.9645781348803997
0.9649695640709623
0.9653609932615248
0.9657524224520877
0.9661438516426502
0.9665352808332128
0.9669267100237755
0.9673181392143381
0.9677095684049005
0.9681009975954632
0.9684924267860259
0.9688838559765885
0.9692752851671511
0.9696667143577138
0.9700581435482762
0.9704492342683473
0.970838738435678
0.9712265213106664
0.9716125617891631
0.9719968387640494
0.9723793311274075
0.9727600177727221
0.9731388775971194
0.9735158895036381
0.973891032403534
0.9742642852186233
0.9746356268836606
0.9750050363487505
0.9753724925818005
0.9757379745710075
0.9761014613273842
0.9764629318873208
0.9768223653151907
0.9771797407059879
0.977535037188011
0.9778882339255818
0.978239310121805
0.9785882450213722
0.9789350179134015
0.9792796081343219
0.9796219950707975
0.9799621581626947
0.9803000769060901
0.9806357308563235
0.9809690996310886
0.9813001629135711
0.9816289004556286
0.9819552920810111
0.982279317688627
0.9826009572558523
0.9829201908418822
0.9832369985911255
0.9835513607366443
0.9838632576036322
0.9841726696129425
0.9844795772846539
0.984783961241677
0.9850858022134126
0.985385081039438
0.98568177867325
0.9859758761860355
0.986267354770494
0.9865561957446906
0.9868423805559572
0.9871258907848257
0.9874067081490043
0.9876848145073882
0.9879601918641082
0.9882328223726135
0.9885026883397926
0.9887697722301224
0.9890340566698552
0.9892955244512323
0.9895541585367287
0.9898099420633301
0.9900628583468302
0.9903128908861581
0.9905600233677287
0.9908042396698127
0.9910455238669303
0.9912838602342603
0.991519233252067
0.99175162761014
0.9919810282122469
0.9922074201805958
0.992430788860303
0.9926511198238692
0.9928683988756518
0.9930826120563446
0.9932937456474462
0.9935017861757274
0.9937067204176872
0.9939085354039973
0.9941072184239291
0.9943027570297654
0.9944951390411861
0.9946843525496317
0.9948703859226337
0.9950532278081153
0.9952328671386543
0.9954092931357049
0.9955824953137768
0.9957524634845614
0.9959191877610123
0.9960826585613624
0.9962428666130848
0.9963998029567859
0.9965534589500267
0.9967038262710773
0.9968508969225838
0.9969946632351573
0.9971351178708745
0.9972722538266839
0.9974060644377163
0.9975365433804929
0.9976636846760264
0.9977874826928105
0.9979079321496941
0.9980250281186333
0.998138766027317
0.9982491416616643
0.998356151168184
0.9984597910561929
0.9985600581998942
0.9986569498402992
0.998750463587001
0.9988405974197859
0.9989273496900806
0.999010719122235
0.9990907048146292
0.9991673062406067
0.999240523249224
0.9993103560658191
0.9993768052923864
0.999439871907764
0.9994995572676203
0.9995558631042439
0.9996087915261291
0.9996583450173526
0.9997045264367438
0.9997473390168411
0.9997867863626324
0.9998228724500778
0.9998556016244131
0.999884978598228
0.9999110084493249
0.9999336966183459
0.9999530489061766
0.9999690714711195
0.9999817708258356
0.9999911538340607
0.9999972277070838
1.0
0.999999478607728
0.9999956717607978
0.9999885880209095
0.9999782362762579
0.9999646257366336
0.9999477659282908
0.999927666688594
0.9999043381604387
0.999877790786448
0.999848035302954
0.9998150827337574
0.9997789443836766
0.9997396318318849
0.9996971569250391
0.9996515317702059
0.9996027687275876
0.9995508804030527
0.9994958796404766
0.9994377795138911
0.9993765933194618
0.9993123345672765
0.9992450169729763
0.9991746544492104
0.9991012610969368
0.9990248511965708
0.9989454391989803
0.9988630397163466
0.9987776675128878
0.9986893374954551
0.9985980647040066
0.9985038643019717
0.9984067515665046
0.9983067418786413
0.9982038507133633
0.9980980936295774
0.9979894862600183
0.9978780443010845
0.9977637835026087
0.9976467196575788
0.9975268685918102
0.9974042461535811
0.9972788682032423
0.9971507506027959
0.9970199092054708
0.9968863598452848
0.9967501183266109
0.9966112004137563
0.9964696218205555
0.9963253981999923
0.9961785451338522
0.9960290781224219
0.9958770125742309
0.9957223637958567
0.9955651469817898
0.9954053772043732
0.9952430694038192
0.9950782383783172
0.9949108987742289
0.99474106507639
0.994568751598518
0.9943939724737326
0.9942167416452027
0.9940370728569149
0.9938549796445834
0.9936704753266941
0.9934835729957021
0.9932942855093768
0.9931026254823087
0.992908605277581
0.992712236998609
0.9925135324811587
0.9923125032855425
0.9921091606890023
0.9919035156782849
0.9916955789424093
0.9914853608656391
0.9912728715206535
0.9910581206619326
0.9908411177193522
0.9906218717919976
0.9904003916421948
0.9901766856897714
0.9899507620065384
0.9897226283110098
0.9894922919633501
0.9892597599605644
0.9890250389319245
0.9887881351346383
0.9885490544497672
0.9883078023783847
0.988064384037993
0.9878188041591821
0.9875710670825506
0.9873211767558756
0.9870691367315422
0.9868149501642324
0.9865586198088689
0.9863001480188252
0.9860395367443934
0.9857767875315164
0.9855119015207806
0.9852448794466779
0.9849757216371233
0.9847044280132464
0.9844309980894398
0.9841554309736755
0.9838777253680847
0.9835978795698029
0.9833158914720764
0.9830317585656321
0.9827454779403119
0.9824570462869644
0.9821664598996002
0.9818737146778048
0.9815788061294084
0.9812817293734142
0.980982479143178
0.9806810497898448
0.9803774352860309
0.9800716292297609
0.9797636248486447
0.9794534150043047
0.9791409921970395
0.9788263485707309
0.9785094759179822
0.9781903656854938
0.9778690089796644
0.9775453965724238
0.9772195189072822
0.9768913661056038
0.976560927973095
0.9762281940064993
0.9758931534005073
0.9755557950548615
0.9752161075816661
0.9748740793128856
0.9745296983080362
0.9741829523620565
0.9738338290133631
0.9734823155520731
0.9731283990283994
0.9727720662612078
0.9724133038467264
0.972052098167412
0.9716884354009573
0.9713223015294363
0.9709536823485848
0.9705825634772011
0.9702089303666726
0.9698327683106082
0.9694540624545808
0.9690727978059627
0.9686889592438591
0.9683025315291185
0.967913499314425
0.967521847154455
0.9671275595161011
0.966730620788744
0.9663310152945753
0.9659287272989554
0.9655237410208055
0.9651160406430194
0.9647056103228916
0.9642924342025524
0.9638764964194028
0.9634577811165383
0.9630362724531584
0.9626119546149475
0.9621848118244289
0.961754828351271
0.9613219885225517
0.9608862767329588
0.9604476774549346
0.9600061752487395
0.9595617547724449
0.9591144007918301
0.9586640981901915
0.9582108319780451
0.9577545873027236
0.957295349457852
0.9568331038927049
0.9563678362214313
0.9558995322321406
0.9554281778958498
0.9549537593752765
0.9544762630334795
0.953995675442335
0.953511983390847
0.9530251738932844
0.9525352341971391
0.9520421517909025
0.9515459144116499
0.9510465100524383
0.9505439269694996
0.9500381536892396
0.9495291790150261
0.9490169920337717
0.9485015821223025
0.9479829389535137
0.947461052502305
0.9469359130512965
0.9464075111963206
0.9458758378516906
0.945340884255243
0.9448026419731481
0.9442611029044966
0.9437162592856497
0.9431681036943663
0.9426166290536903
0.9420618286356118
0.9415036960644964
0.9409422253202818
0.9403774107414463
0.9398092470277442
0.9392377292427173
0.9386628528159774
0.9380846135452621
0.9375030075982671
0.9369180315142612
0.936329682205476
0.9357379569582821
0.9351428534341494
0.9345443696703971
0.9339425040807355
0.9333372554555995
0.9327286229622839
0.9321166061448767
0.931501204924001
0.930882419596362
0.9302602508341098
0.9296346996840162
0.9290057675664755
0.9283734562743279
0.9277377679715129
0.927098705191556
0.9264562708358971
0.9258104681720564
0.9251613008316523
0.924508772808267
0.9238528884551758
0.9231936524829294
0.9225310699568108
0.9218651462941554
0.9211958872615554
0.920523298971937
0.9198473878815299
0.9191681607867205
0.9184856248208078
0.9177997874506518
0.9171106564732321
0.9164182400121109
0.9157225465138158
0.9150235847441353
0.9143213637843399
0.913615893027332
0.9129071821737255
0.9121952412278633
0.9114800804937742
0.9107617105710759
0.9100401423508253
0.9093153870113247
0.9085874560138819
0.9078563610985338
0.9071221142797324
0.9063847278420011
0.905644214335564
0.904900586571947
0.9041538576195619
0.9034040407992711
0.9026511496799392
0.9018951980739717
0.9011362000328459
0.9003741698426395
0.8996091220195526
0.8988410713054338
0.8980700326633059
0.897296021272902
0.8965190525262047
0.8957391420229994
0.8949563055664378
0.8941705591586191
0.8933819189961859
0.8925904014659399
0.8917960231404785
0.8909988007738537
0.8901987512972567
0.8893958918147267
0.8885902395988885
0.8877818120867171
0.8869706268753363
0.8861567017178459
0.8853400545191829
0.8845207033320139
0.8836986663526691
0.8828739619171054
0.8820466084969096
0.8812166246953382
0.8803840292433979
0.8795488409959623
0.8787110789279303
0.877870762130424
0.8770279098070282
0.8761825412700709
0.8753346759369465
0.874484333326477
0.8736315330553232
0.8727762948344314
0.8719186384655271
0.8710585838376478
0.8701961509237259
0.869331359777207
0.8684642305287158
0.867594783382764
0.8667230386145021
0.8658490165665149
0.8649727376456555
0.8640942223199302
0.8632134911154166
0.8623305646132332
0.8614454634465443
0.8605582082976114
0.8596688198948822
0.8587773190101264
0.8578837264556075
0.8569880630812977
0.8560903497721328
0.8551906074453081
0.8542888570476126
0.8533851195528028
0.8524794159590149
0.8515717672862173
0.8506621945736991
0.8497507188775966
0.8488373612684562
0.847922142828837
0.8470050846509453
0.8460862078343077
0.8451655334834766
0.8442430827057753
0.8433188766090711
0.8423929362995877
0.8414652828797452
0.8405364168354041
0.8396075001550746
0.8386785834747451
0.837749666794416
0.8368207501140864
0.8358918334337568
0.8349629167534273
0.8340340000730981
0.8331050833927686
0.8321761667124391
0.8312472500321095
0.8303183333517804
0.8293894166714508
0.8284604999911213
0.8275315833107917
0.8266026666304626
0.825673749950133
0.8247448332698035
0.823815916589474
0.8228869999091448
0.8219580832288153
0.8210291665484857
0.8201002498681561
0.819171333187827
0.8182424165074974
0.8173134998271679
0.8163845831468384
0.8154556664665088
0.8145267497861797
0.8135978331058501
0.8126689164255205
0.8117399997451911
0.8108110830648619
0.8098821663845324
0.8089532497042028
0.8080243330238733
0.8070954163435441
0.8061664996632146
0.805237582982885
0.8043086663025556
0.8033797496222264
0.8024508329418969
0.8015219162615672
0.8005929995812378
0.7996640829009085
0.798735166220579
0.7978062495402494
0.79687733285992
0.7959484161795908
0.7950194994992613
0.7940905828189316
0.7931616661386022
0.7922327494582729
0.7913038327779435
0.7903749160976139
0.7894459994172844
0.7885170827369548
0.7875881660566257
0.786659249376296
0.7857303326959666
0.7848014160156369
0.7838724993353079
0.7829435826549783
0.7820146659746489
0.7810857492943192
0.7801568326139902
0.7792279159336605
0.778298999253331
0.7773700825730014
0.7764411658926723
0.7755122492123427
0.7745833325320133
0.7736544158516837
0.7727254991713546
0.771796582491025
0.7708676658106954
0.769938749130366
0.7690098324500368
0.7680809157697073
0.7671519990893777
0.7662230824090481
0.765294165728719
0.7643652490483894
0.7634363323680599
0.7625074156877304
0.7615784990074008
0.7606495823270717
0.7597206656467421
0.7587917489664125
0.757862832286083
0.7569339156057538
0.7560049989254244
0.7550760822450948
0.7541471655647652
0.7532182488844361
0.7522893322041065
0.751360415523777
0.7504314988434474
0.7495025821631183
0.7485736654827888
0.7476447488024592
0.7467158321221297
0.7457869154418005
0.744857998761471
0.7439290820811414
0.7430001654008118
0.7420712487204827
0.7411423320401532
0.7402134153598237
0.7392844986794941
0.738355581999165
0.7374266653188354
0.7364977486385059
0.7355688319581764
0.7346399152778469
0.7337109985975176
0.7327820819171882
0.7318531652368585
0.730924248556529
0.7299953318761998
0.7290664151958703
0.7281374985155408
0.7272085818352113
0.7262796651548821
0.7253507484745526
0.7244218317942229
0.7234929151138935
0.7225639984335642
0.7216350817532348
0.7207061650729052
0.7197772483925757
0.7188483317122465
0.717919415031917
0.7169904983515873
0.7160615816712579
0.7151326649909286
0.7142037483105993
0.7132748316302696
0.7123459149499402
0.7114169982696109
0.7104880815892815
0.7095591649089518
0.7086302482286223
0.7077013315482927
0.7067724148679637
0.705843498187634
0.7049145815073046
0.7039856648269749
0.7030567481466459
0.7021278314663162
0.7011989147859867
0.7002699981056573
0.6993410814253281
0.6984121647449986
0.697483248064669
0.6965543313843394
0.6956254147040103
0.6946964980236807
0.6937675813433513
0.6928386646630217
0.6919097479826926
0.690980831302363
0.6900519146220334
0.6891229979417038
0.6881940812613747
0.6872651645810451
0.6863362479007157
0.6854073312203861
0.684478414540057
0.6835494978597274
0.6826205811793978
0.6816916644990683
0.6807627478187387
0.6798338311384096
0.6789049144580801
0.6779759977777505
0.677047081097421
0.6761181644170918
0.6751892477367623
0.6742603310564327
0.6733314143761032
0.6724024976957741
0.6714735810154445
0.670544664335115
0.6696157476547854
0.6686868309744562
0.6677579142941267
0.6668289976137971
0.6659000809334676
0.6649711642531385
0.6640422475728089
0.6631133308924795
0.6621844142121498
0.6612554975318208
0.6603265808514911
0.6593976641711616
0.6584687474908321
0.657539830810503
0.6566109141301734
0.6556819974498439
0.6547530807695142
0.6538241640891848
0.6528952474088555
0.6519663307285262
0.6510374140481965
0.650108497367867
0.6491795806875378
0.6482506640072083
0.6473217473268786
0.6463928306465492
0.6454639139662199
0.6445349972858906
0.6436060806055609
0.6426771639252314
0.6417482472449022
0.6408193305645727
0.6398904138842431
0.6389614972039136
0.6380325805235845
0.637103663843255
0.6361747471629253
0.6352458304825959
0.6343169138022666
0.6333879971219372
0.6324590804416075
0.6315301637612781
0.6306012470809484
0.6296723304006194
0.6287434137202897
0.6278144970399603
0.6268855803596307
0.6259566636793016
0.625027746998972
0.6240988303186426
0.623169913638313
0.6222409969579838
0.6213120802776543
0.6203831635973247
0.6194542469169951
0.618525330236666
0.6175964135563365
0.616667496876007
0.6157385801956774
0.6148096635153483
0.6138807468350187
0.6129518301546891
0.6120229134743596
0.6110939967940304
0.610165080113701
0.6092361634333714
0.6083072467530418
0.6073783300727127
0.6064494133923831
0.6055204967120535
0.604591580031724
0.6036626633513945
0.6027337466710654
0.6018048299907358
0.6008759133104062
0.5999469966300767
0.5990180799497475
0.598089163269418
0.5971602465890885
0.5962313299087589
0.5953024132284298
0.5943734965481002
0.5934445798677707
0.5925156631874411
0.591586746507112
0.5906578298267824
0.589728913146453
0.5887999964661234
0.5878710797857943
0.5869421631054647
0.5860132464251352
0.5850843297448055
0.5841554130644765
0.5832264963841468
0.5822975797038175
0.5813686630234878
0.5804397463431586
0.5795108296628291
0.5785819129824995
0.5776529963021699
0.5767240796218405
0.5757951629415113
0.5748662462611818
0.5739373295808522
0.5730084129005227
0.5720794962201935
0.571150579539864
0.5702216628595345
0.569292746179205
0.5683638294988759
0.5674349128185463
0.5665059961382167
0.5655770794578872
0.564648162777558
0.5637192460972285
0.5627903294168989
0.5618614127365694
0.5609324960562403
0.5600035793759107
0.5590746626955811
0.5581457460152516
0.5572168293349224
0.5562879126545929
0.5553589959742634
0.5544300792939338
0.5535011626136047
0.5525722459332751
0.5516433292529456
0.550714412572616
0.5497854958922864
0.5488565792119573
0.5479276625316278
0.5469987458512983
0.5460698291709687
0.5451409124906396
0.54421199581031
0.5432830791299804
0.5423541624496508
0.5414252457693217
0.5404963290889923
0.5395674124086627
0.5386384957283331
0.537709579048004
0.5367806623676744
0.5358517456873448
0.5349228290070154
0.5339939123266862
0.5330649956463567
0.5321360789660271
0.5312071622856975
0.5302782456053684
0.5293493289250388
0.5284204122447093
0.5274914955643798
0.5265625788840507
0.5256336622037211
0.5247047455233915
0.523775828843062
0.5228469121627324
0.5219179954824033
0.5209890788020737
0.5200601621217442
0.5191312454414146
0.5182023287610855
0.517273412080756
0.5163444954004264
0.5154155787200968
0.5144866620397677
0.5135577453594382
0.5126288286791086
0.5116999119987791
0.5107709953184499
0.5098420786381204
0.5089131619577908
0.5079842452774612
0.5070553285971321
0.5061264119168026
0.5051974952364731
0.5042685785561435
0.5033396618758144
0.5024107451954848
0.5014818285151552
0.5005529118348258
0.49962399515449657
0.4986950784741671
0.4977661617938376
0.496837245113508
0.49590832843317845
0.4949794117528493
0.4940504950725198
0.49312157839219023
0.49219266171186066
0.49126374503153153
0.490334828351202
0.48940591167087244
0.48847699499054287
0.4875480783102138
0.4866191616298842
0.48569024494955465
0.48476132826922513
0.483832411588896
0.48290349490856643
0.48197457822823686
0.48104566154790734
0.4801167448675782
0.47918782818724864
0.47825891150691907
0.47732999482658955
0.4764010781462604
0.47547216146593085
0.4745432447856013
0.47361432810527176
0.47268541142494264
0.47175649474461306
0.4708275780642835
0.469898661383954
0.4689697447036244
0.4680408280232953
0.46711191134296576
0.4661829946626362
0.4652540779823066
0.4643251613019775
0.46339624462164797
0.4624673279413184
0.4615384112609888
0.4606094945806597
0.4596805779003302
0.4587516612200006
0.45782274453967103
0.4568938278593419
0.4559649111790124
0.4550359944986828
0.45410707781835324
0.4531781611380241
0.4522492444576946
0.451320327777365
0.45039141109703545
0.4494624944167064
0.4485335777363768
0.44760466105604724
0.4466757443757177
0.44574682769538815
0.444817911015059
0.44388899433472945
0.44296007765439993
0.44203116097407036
0.44110224429374123
0.44017332761341166
0.43924441093308214
0.43831549425275257
0.43738657757242344
0.43645766089209387
0.43552874421176435
0.4345998275314348
0.43367091085110565
0.4327419941707761
0.43181307749044656
0.430884160810117
0.42995524412978786
0.42902632744945834
0.42809741076912877
0.4271684940887993
0.42623957740847007
0.42531066072814067
0.4243817440478111
0.4234528273674815
0.4225239106871524
0.4215949940068229
0.4206660773264933
0.41973716064616373
0.4188082439658342
0.4178793272855051
0.4169504106051755
0.41602149392484594
0.4150925772445164
0.4141636605641873
0.4132347438838577
0.41230582720352815
0.41137691052319864
0.4104479938428695
0.40951907716253994
0.4085901604822104
0.40766124380188085
0.4067323271215517
0.40580341044122215
0.40487449376089263
0.40394557708056306
0.40301666040023393
0.40208774371990436
0.40115882703957484
0.40022991035924527
0.39930099367891614
0.39837207699858657
0.39744316031825705
0.3965142436379275
0.39558532695759835
0.3946564102772688
0.39372749359693926
0.3927985769166097
0.3918696602362801
0.39094074355595104
0.39001182687562147
0.3890829101952919
0.3881539935149624
0.38722507683463325
0.3862961601543037
0.3853672434739741
0.3844383267936446
0.38350941011331546
0.3825804934329859
0.3816515767526563
0.3807226600723268
0.3797937433919977
0.3788648267116681
0.37793591003133853
0.377006993351009
0.3760780766706799
0.3751491599903503
0.37422024331002074
0.3732913266296912
0.3723624099493621
0.3714334932690325
0.370504576588703
0.36957565990837343
0.3686467432280443
0.36771782654771473
0.3667889098673852
0.36585999318705564
0.36493107650672607
0.36400215982639694
0.3630732431460674
0.36214432646573785
0.3612154097854083
0.36028649310507915
0.35935757642474964
0.35842865974442006
0.3574997430640905
0.35657082638376136
0.35564190970343185
0.3547129930231023
0.3537840763427728
0.35285515966244363
0.35192624298211417
0.3509973263017846
0.350068409621455
0.34913949294112595
0.3482105762607964
0.3472816595804668
0.3463527429001373
0.34542382621980816
0.3444949095394786
0.343565992859149
0.3426370761788195
0.34170815949849037
0.3407792428181608
0.3398503261378312
0.3389214094575017
0.33799249277717214
0.337063576096843
0.33613465941651344
0.3352057427361839
0.33427682605585435
0.3333479093755252
0.33241899269519565
0.33149007601486613
0.33056115933453656
0.32963224265420743
0.3287033259738779
0.32777440929354834
0.32684549261321877
0.32591657593288964
0.3249876592525601
0.32405874257223055
0.323129825891901
0.32220090921157185
0.32127199253124233
0.32034307585091276
0.3194141591705832
0.31848524249025406
0.31755632580992454
0.31662740912959497
0.3156984924492654
0.31476957576893627
0.31384065908860675
0.3129117424082772
0.3119828257279476
0.3110539090476181
0.31012499236728897
0.3091960756869594
0.3082671590066299
0.3073382423263003
0.3064093256459712
0.3054804089656416
0.3045514922853121
0.3036225756049825
0.3026936589246534
0.3017647422443238
0.3008358255639943
0.2999069088836647
0.2989779922033356
0.298049075523006
0.2971201588426765
0.29619124216234693
0.2952623254820178
0.29433340880168823
0.2934044921213587
0.29247557544102915
0.2915466587607
0.2906177420803705
0.28968882540004093
0.28875990871971136
0.2878309920393822
0.2869020753590527
0.28597315867872314
0.28504424199839357
0.28411532531806405
0.2831864086377349
0.28225749195740535
0.2813285752770759
0.28039965859674637
0.27947074191641724
0.27854182523608767
0.2776129085557581
0.2766839918754286
0.27575507519509945
0.2748261585147699
0.2738972418344403
0.2729683251541108
0.27203940847378166
0.2711104917934521
0.2701815751131225
0.269252658432793
0.2683237417524639
0.2673948250721343
0.2664659083918048
0.2655369917114752
0.2646080750311461
0.2636791583508165
0.262750241670487
0.2618213249901574
0.26089240830982785
0.2599634916294987
0.2590345749491692
0.25810565826883963
0.25717674158851006
0.25624782490818093
0.2553189082278514
0.25438999154752184
0.25346107486719227
0.25253215818686314
0.2516032415065336
0.25067432482620405
0.2497454081458745
0.24881649146554538
0.24788757478521584
0.24695865810488626
0.24602974142455672
0.2451008247442276
0.24417190806389805
0.2432429913835685
0.24231407470323893
0.2413851580229098
0.24045624134258026
0.2395273246622507
0.23859840798192114
0.23766949130159204
0.23674057462126247
0.23581165794093292
0.23488274126060338
0.2339538245802738
0.23302490789994468
0.23209599121961513
0.2311670745392856
0.23023815785895602
0.2293092411786269
0.22838032449829734
0.2274514078179678
0.22652249113763825
0.22559357445730913
0.22466465777697955
0.22373574109665
0.22280682441632046
0.22187790773599134
0.22094899105566176
0.22002007437533222
0.21909115769500268
0.21816224101467355
0.217233324334344
0.21630440765401443
0.21537549097368489
0.21444657429335576
0.2135176576130262
0.21258874093269664
0.2116598242523671
0.21073090757203797
0.20980199089170842
0.20887307421137888
0.20794415753104942
0.20701524085071987
0.20608632417039074
0.2051574074900612
0.20422849080973163
0.20329957412940208
0.20237065744907295
0.2014417407687434
0.20051282408841384
0.1995839074080843
0.19865499072775517
0.19772607404742562
0.19679715736709605
0.1958682406867665
0.19493932400643738
0.19401040732610783
0.1930814906457783
0.19215257396544871
0.19122365728511959
0.19029474060479004
0.1893658239244605
0.18843690724413092
0.18750799056380182
0.18657907388347225
0.1856501572031427
0.18472124052281316
0.18379232384248403
0.18286340716215446
0.18193449048182492
0.18100557380149537
0.1800766571211658
0.17914774044083667
0.17821882376050713
0.17728990708017758
0.176360990399848
0.1754320737195189
0.17450315703918934
0.1735742403588598
0.17264532367853025
0.17171640699820112
0.17078749031787155
0.169858573637542
0.16892965695721246
0.16800074027688333
0.1670718235965538
0.16614290691622421
0.16521399023589467
0.16428507355556554
0.163356156875236
0.16242724019490642
0.16149832351457688
0.16056940683424775
0.1596404901539182
0.15871157347358864
0.1577826567932591
0.15685374011292996
0.15592482343260042
0.15499590675227087
0.1540669900719413
0.15313807339161176
0.15220915671128263
0.15128024003095308
0.1503513233506235
0.14942240667029397
0.14849348998996484
0.1475645733096353
0.14663565662930575
0.14570673994897618
0.14477782326864705
0.1438489065883175
0.14291998990798796
0.1419910732276584
0.14106215654732926
0.14013323986699971
0.13920432318667017
0.13827540650634063
0.1373464898260115
0.13641757314568193
0.1354886564653525
0.13455973978502295
0.1336308231046937
0.13270190642436425
0.1317729897440347
0.13084407306370516
0.12991515638337603
0.12898623970304646
0.1280573230227169
0.12712840634238737
0.1261994896620578
0.1252705729817287
0.12434165630139912
0.12341273962106958
0.12248382294074002
0.12155490626041089
0.12062598958008135
0.11969707289975179
0.11876815621942223
0.11783923953909312
0.11691032285876356
0.115981406178434
0.11505248949810445
0.11412357281777533
0.11319465613744577
0.11226573945711622
0.11133682277678666
0.11040790609645754
0.10947898941612799
0.10855007273579843
0.10762115605546888
0.10669223937513975
0.1057633226948102
0.10483440601448064
0.1039054893341511
0.10297657265382197
0.10204765597349241
0.10111873929316285
0.10018982261283331
0.09926090593250375
0.09833198925217453
0.09740307257184508
0.09647415589151563
0.09554523921118596
0.09461632253085694
0.09368872794301032
0.09276402445500664
0.09184225409306128
0.09092345662291418
0.09000767181030407
0.08909493942097094
0.0881852992206543
0.08727879097509415
0.08637545445002921
0.08547532941119945
0.0845784556243444
0.08368487285520407
0.08279462086951712
0.08190773943302358
0.08102426831146299
0.08014424727057529
0.0792677160760992
0.07839471449377473
0.07752528228934141
0.0766594592285392
0.07579728507710684
0.07493879960078428
0.07408404256531109
0.07323305373642683
0.0723858728798714
0.07154253976138363
0.07070309414670342
0.06986757580157033
0.06903602449172432
0.06820847998290414
0.06738498204084975
0.06656557043130071
0.06575028491999693
0.06493916527267722
0.06413225125508151
0.06332958263294937
0.06253119917202069
0.06173714063803427
0.06094744679673009
0.060162157413847665
0.05938131225512691
0.058604951086306666
0.05783311367312685
0.05706583978132701
0.056303169176647044
0.0555451416248258
0.0547917968916032
0.05404317474271879
0.053299314943912116
0.05256025726092307
0.051826041459490546
0.0510967073053544
0.05037229456425421
0.04965284300192986
0.04893839238412023
0.04822898247656522
0.04752465304500436
0.04682544385517755
0.04613139467282368
0.045442545263682646
0.044758935393493966
0.04408060482799754
0.04340759333293229
0.042739940674038045
0.042077686617054404
0.04142087092772122
0.04076953337177742
0.04012371371496286
0.03948345172301711
0.03884878716167998
0.03821975979669047
0.03759640939378844
0.036978775718713386
0.036366898537205206
0.03576081761500285
0.03516057271784616
0.034566203611474715
0.03397775006162802
0.03339525183404593
0.032818748694467464
0.032248280408632424
0.031683886742280364
0.031125607461151124
0.03057348233098368
0.03002755111751791
0.029487853586493355
0.02895442950364976
0.02842731863472626
0.027906560745462616
0.02739219560159837
0.026884262968873314
0.026382802613026547
0.025887854299797862
0.025399457794926774
0.024917652864153112
0.024442479273215943
0.023973976787855077
0.02351218517381002
0.02305714419682056
0.02260889362262586
0.022167473216965633
0.021732922745579444
0.021305281974207075
0.020884590668587638
0.020470888594460925
0.020064215517566486
0.019664611203643843
0.019272115418432725
0.018886767927672375
0.018508608497102483
0.0181376768924626
0.017774012879492478
0.01741765622393132
0.01706864669151884
0.016727024047994594
0.016392828059098294
0.01606609849056918
0.01574687510814696
0.015435197677571198
0.01513110596458156
0.014834639734917334
0.014545838754318216
0.01426474278852378
0.013991391603273664
0.013725824964307189
0.01346808263736402
0.013218204388183743
0.012976229982505999
0.01274219918607012
0.012516151764615771
0.012298127483882502
0.012088166109609963
0.011886307407537513
0.011692591143404808
0.011507057082951404
0.01132974499191685
0.011160694636040773
0.01099994578106257
0.010847538192721867
0.010703511636758253
0.010567905878911257
0.010440760684920444
0.01032211582052529
0.010212011051465408
0.010110486143480426
0.01001758086230974
0.009933334973693034
0.009857788243369785
0.009790980437079582
0.009732951320561954
0.00968374065955649
0.009643388219802696
0.00961193376704017
0.009589417067008433
0.009575877885447044
0.00957135598809559
